[gd_scene load_steps=18 format=3 uid="uid://c5cso54bsxch1"]

[ext_resource type="Script" uid="uid://0hqcrbmyp8hw" path="res://scripts/npc.gd" id="1_nyaq3"]
[ext_resource type="ArrayMesh" uid="uid://d4l4j35hk84px" path="res://assets/city_characters_placeholder/models/meshes/male_mesh.res" id="2_abqhh"]
[ext_resource type="Animation" uid="uid://djcow7lta0pku" path="res://assets/city_characters_placeholder/animations/male/Dying(1).res" id="2_nyaq3"]
[ext_resource type="Animation" uid="uid://djf7gm8m7na1s" path="res://assets/city_characters_placeholder/animations/male/Walking.res" id="3_yf2ql"]
[ext_resource type="Animation" uid="uid://biqci36at2wbk" path="res://assets/city_characters_placeholder/animations/male/Terrified(1).res" id="4_8gbmn"]
[ext_resource type="Animation" uid="uid://dhx1ta3n0pep7" path="res://assets/city_characters_placeholder/animations/male/InjuredRun.res" id="5_pvipr"]
[ext_resource type="Animation" uid="uid://dqe4vlq74tyh1" path="res://assets/city_characters_placeholder/animations/male/SlowRun.res" id="6_n0klm"]
[ext_resource type="Animation" uid="uid://xcchen1txhgb" path="res://assets/city_characters_placeholder/animations/male/Running.res" id="7_u2tho"]
[ext_resource type="Animation" uid="uid://2qr2i3k7cqyu" path="res://assets/city_characters_placeholder/animations/male/Disappointed.res" id="8_ca6vw"]
[ext_resource type="Animation" uid="uid://d0yy3q0vaxsir" path="res://assets/city_characters_placeholder/animations/male/NeutralIdle.res" id="9_t8u8m"]
[ext_resource type="Animation" uid="uid://1kl7mx0gmfor" path="res://assets/city_characters_placeholder/animations/male/SadIdle.res" id="10_d56e8"]
[ext_resource type="Animation" uid="uid://bteoe5yhdha0c" path="res://assets/city_characters_placeholder/animations/male/HappyIdle.res" id="11_ewlk4"]
[ext_resource type="Animation" uid="uid://cogqhkpkfaqh8" path="res://assets/city_characters_placeholder/animations/male/Talking.res" id="12_bw2c7"]
[ext_resource type="Animation" uid="uid://bpypyvrah3ryb" path="res://assets/city_characters_placeholder/animations/male/PhoneTalking.res" id="13_gc4mq"]

[sub_resource type="Skin" id="Skin_4d567"]
resource_name = "Skin"
bind_count = 25
bind/0/name = &"pelvis"
bind/0/bone = -1
bind/0/pose = Transform3D(1, 0, 0, 0, 0.968339, 0.24964, 0, -0.24964, 0.968339, 0, -0.837495, 0.265425)
bind/1/name = &"spine"
bind/1/bone = -1
bind/1/pose = Transform3D(1, 1.17453e-08, -2.38129e-07, -1.40015e-15, 0.998786, 0.0492633, 2.38419e-07, -0.0492633, 0.998786, -1.53651e-08, -1.00332, 0.0644457)
bind/2/name = &"chest"
bind/2/bone = -1
bind/2/pose = Transform3D(1, 2.83073e-15, 1.00218e-13, 3.46441e-15, 0.995048, -0.0993977, -8.5727e-14, 0.0993977, 0.995048, -3.92213e-15, -1.19883, -0.114603)
bind/3/name = &"neck"
bind/3/bone = -1
bind/3/pose = Transform3D(1, -1.07044e-07, 2.13038e-07, 6.38031e-15, 0.893545, 0.448974, -2.38419e-07, -0.448974, 0.893545, 1.66161e-07, -1.31292, 0.696931)
bind/4/name = &"head"
bind/4/bone = -1
bind/4/pose = Transform3D(1, -3.56624e-08, 2.35736e-07, 2.0248e-14, 0.98875, 0.149579, -2.38419e-07, -0.149579, 0.98875, 5.62657e-08, -1.52314, 0.235996)
bind/5/name = &"shoulder_left"
bind/5/bone = -1
bind/5/pose = Transform3D(0.193482, -0.0284959, 0.98069, 0.972044, -0.129961, -0.195552, 0.133024, 0.991109, 0.00255411, 0.0506416, 0.150432, -1.41983)
bind/6/name = &"upper_arm_left"
bind/6/bone = -1
bind/6/pose = Transform3D(-0.968171, -0.236278, 0.0825734, 0.223781, -0.964927, -0.137253, 0.112107, -0.114406, 0.987088, 0.529435, 1.28943, 0.187395)
bind/7/name = &"forearm_left"
bind/7/bone = -1
bind/7/pose = Transform3D(-0.971873, -0.205584, -0.114884, 0.176473, -0.958758, 0.222799, -0.15595, 0.196258, 0.968072, 0.478095, 1.08366, -0.105027)
bind/8/name = &"hand_left"
bind/8/bone = -1
bind/8/pose = Transform3D(-0.976506, -0.172751, 0.128812, 0.186966, -0.976426, 0.107873, 0.10714, 0.129422, 0.985785, 0.455919, 0.819694, -0.125102)
bind/9/name = &"thumb01L"
bind/9/bone = -1
bind/9/pose = Transform3D(0.953602, -0.0630756, 0.294387, -0.259609, -0.667445, 0.69794, 0.152464, -0.741983, -0.652852, -0.239116, 0.641123, 0.604792)
bind/10/name = &"thumb02L"
bind/10/bone = -1
bind/10/pose = Transform3D(0.98446, -0.100664, 0.143895, -0.141983, -0.938456, 0.314867, 0.103343, -0.330405, -0.938165, -0.21013, 0.813209, 0.287159)
bind/11/name = &"f_middle01L"
bind/11/bone = -1
bind/11/pose = Transform3D(0.985044, -0.171003, 0.021146, -0.172178, -0.972162, 0.158922, -0.00661868, -0.160186, -0.987065, -0.176389, 0.849561, 0.117896)
bind/12/name = &"shoulder_right"
bind/12/bone = -1
bind/12/pose = Transform3D(0.193482, 0.0284959, -0.98069, -0.972044, -0.129961, -0.195552, -0.133024, 0.991109, 0.00255411, -0.0506416, 0.150432, -1.41983)
bind/13/name = &"upper_arm_right"
bind/13/bone = -1
bind/13/pose = Transform3D(-0.968171, 0.236278, -0.0825734, -0.223781, -0.964927, -0.137253, -0.112107, -0.114406, 0.987088, -0.529435, 1.28943, 0.187395)
bind/14/name = &"forearm_right"
bind/14/bone = -1
bind/14/pose = Transform3D(-0.971873, 0.205584, 0.114884, -0.176473, -0.958758, 0.222799, 0.15595, 0.196258, 0.968072, -0.478095, 1.08366, -0.105027)
bind/15/name = &"hand_right"
bind/15/bone = -1
bind/15/pose = Transform3D(-0.976506, 0.172751, -0.128812, -0.186966, -0.976426, 0.107873, -0.10714, 0.129422, 0.985785, -0.455919, 0.819694, -0.125102)
bind/16/name = &"thumb01R"
bind/16/bone = -1
bind/16/pose = Transform3D(0.953602, 0.0630756, -0.294387, 0.259609, -0.667445, 0.69794, -0.152464, -0.741983, -0.652852, 0.239116, 0.641123, 0.604792)
bind/17/name = &"thumb02R"
bind/17/bone = -1
bind/17/pose = Transform3D(0.98446, 0.100664, -0.143895, 0.141983, -0.938456, 0.314867, -0.103343, -0.330405, -0.938165, 0.21013, 0.813209, 0.287159)
bind/18/name = &"f_middle01R"
bind/18/bone = -1
bind/18/pose = Transform3D(0.985044, 0.171003, -0.021146, 0.172178, -0.972162, 0.158922, 0.00661868, -0.160186, -0.987065, 0.176389, 0.849561, 0.117896)
bind/19/name = &"thigh_left"
bind/19/bone = -1
bind/19/pose = Transform3D(0.99461, 0.103395, -0.00783473, 0.102435, -0.991478, -0.0804878, -0.01609, 0.0792514, -0.996725, -0.181232, 0.911603, -0.108633)
bind/20/name = &"shinL"
bind/20/bone = -1
bind/20/pose = Transform3D(0.997681, 0.0678316, 0.00559984, 0.0679892, -0.997043, -0.0358008, 0.00315491, 0.0360986, -0.999343, -0.164051, 0.453552, -0.0912522)
bind/21/name = &"foot_left"
bind/21/bone = -1
bind/21/pose = Transform3D(0.999987, 0.00295899, -0.00426067, 0.00506713, -0.381396, 0.924398, 0.00111031, -0.924407, -0.381406, -0.159822, 0.112437, 0.0441757)
bind/22/name = &"thigh_right"
bind/22/bone = -1
bind/22/pose = Transform3D(0.99461, -0.103395, 0.00783473, -0.102435, -0.991478, -0.0804878, 0.01609, 0.0792514, -0.996725, 0.181232, 0.911603, -0.108633)
bind/23/name = &"shinR"
bind/23/bone = -1
bind/23/pose = Transform3D(0.997681, -0.0678316, -0.00559984, -0.0679892, -0.997043, -0.0358008, -0.00315491, 0.0360986, -0.999343, 0.164051, 0.453552, -0.0912522)
bind/24/name = &"foot_right"
bind/24/bone = -1
bind/24/pose = Transform3D(0.999987, -0.00295899, 0.00426067, -0.00506713, -0.381396, 0.924398, -0.00111031, -0.924407, -0.381406, 0.159822, 0.112437, 0.0441757)

[sub_resource type="AnimationLibrary" id="AnimationLibrary_vwryr"]
_data = {
&"Disappointed": ExtResource("8_ca6vw"),
&"Dying": ExtResource("2_nyaq3"),
&"HappyIdle": ExtResource("11_ewlk4"),
&"InjuredRun": ExtResource("5_pvipr"),
&"NeutralIdle": ExtResource("9_t8u8m"),
&"PhoneTalking": ExtResource("13_gc4mq"),
&"Running": ExtResource("7_u2tho"),
&"SadIdle": ExtResource("10_d56e8"),
&"SlowRun": ExtResource("6_n0klm"),
&"Talking": ExtResource("12_bw2c7"),
&"Terrified": ExtResource("4_8gbmn"),
&"Walking": ExtResource("3_yf2ql")
}

[sub_resource type="CapsuleShape3D" id="CapsuleShape3D_wuru7"]

[node name="NPC" type="CharacterBody3D"]
script = ExtResource("1_nyaq3")

[node name="Node" type="Node3D" parent="."]
transform = Transform3D(1, 0, 0, 0, 1, 0, 0, 0, 1, 0, 0.136557, 0.0231922)

[node name="rig" type="Node3D" parent="Node"]
transform = Transform3D(0.997814, 0.0643736, 0.0149403, -0.0121731, -0.0431673, 0.998994, 0.0649537, -0.996992, -0.0422893, -0.0220266, -0.0177894, 0.0839662)
metadata/extras = {
"transformData": {
"eulerOrder": "ZYX",
"inheritType": 1.0,
"parentMatrixWorld": {
"elements": [1.0, 0.0, 0.0, 0.0, 0.0, 1.0, 0.0, 0.0, 0.0, 0.0, 1.0, 0.0, 0.0, -0.863443, 0.0231922, 1.0]
},
"rotation": [-90.0, 0.0, 0.0]
}
}

[node name="Skeleton3D" type="Skeleton3D" parent="Node/rig"]
bones/0/name = "pelvis"
bones/0/parent = -1
bones/0/rest = Transform3D(1, 0, 0, 0, -0.24964, -0.968339, 0, 0.968339, -0.24964, 0, 0.0479489, 0.877239)
bones/0/enabled = true
bones/0/position = Vector3(0, 0.0479489, 0.877239)
bones/0/rotation = Quaternion(0.790456, 0, 0, 0.612519)
bones/0/scale = Vector3(1, 1, 1)
bones/0/bone_meta/extras = {
"transformData": {
"eulerOrder": "ZYX",
"inheritType": 1.0,
"parentMatrixWorld": {
"elements": [0.999683, -0.0240704, -0.00735578, 0.0, -0.0105041, -0.133406, -0.991006, 0.0, 0.0228726, 0.990769, -0.133617, 0.0, -0.0197381, 0.00286426, 0.168043, 1.0]
},
"rotation": [104.456, 0.0, 0.0],
"scale": [1.0, 1.0, 1.0],
"translation": [0.0, 0.0479489, 0.877239]
}
}
bones/1/name = "spine"
bones/1/parent = 0
bones/1/rest = Transform3D(0.999142, -0.00295911, 0.0413034, -0.00436964, 0.98434, 0.176224, -0.0411781, -0.176253, 0.983483, 0, 0.132224, -9.31323e-10)
bones/1/enabled = true
bones/1/position = Vector3(0, 0.132224, -9.31323e-10)
bones/1/rotation = Quaternion(-0.0884853, 0.0207061, -0.000354102, 0.995862)
bones/1/scale = Vector3(1, 1, 1)
bones/1/bone_meta/extras = {
"transformData": {
"eulerOrder": "ZYX",
"inheritType": 1.0,
"parentMatrixWorld": {
"elements": [1.0, 0.0, 0.0, 0.0, 0.0, -0.24964, 0.968339, 0.0, 0.0, -0.968339, -0.24964, 0.0, 0.0, 0.0479489, 0.877239, 1.0]
},
"rotation": [-11.6325, 1.33798e-05, -2.75438e-06],
"scale": [1.0, 1.0, 1.0],
"translation": [0.0, 0.132224, -9.31323e-10]
}
}
bones/2/name = "chest"
bones/2/parent = 1
bones/2/rest = Transform3D(0.996591, -0.0181243, 0.0804898, 0.010221, 0.995179, 0.0975372, -0.0818696, -0.096382, 0.991972, -3.74806e-16, 0.199248, 8.84756e-09)
bones/2/enabled = true
bones/2/position = Vector3(-3.74806e-16, 0.199248, 8.84756e-09)
bones/2/rotation = Quaternion(-0.0485786, 0.0406726, 0.00710076, 0.997966)
bones/2/scale = Vector3(1, 1, 1)
bones/2/bone_meta/extras = {
"transformData": {
"eulerOrder": "ZYX",
"inheritType": 1.0,
"parentMatrixWorld": {
"elements": [0.999142, -0.00436964, -0.0411781, 0.0, -0.00295911, 0.98434, -0.176253, 0.0, 0.0413034, 0.176224, 0.983483, 0.0, 0.0, 0.132224, -9.31323e-10, 1.0]
},
"rotation": [-8.52821, -1.36604e-05, 2.22577e-13],
"translation": [-3.74806e-16, 0.199248, 8.84756e-09]
}
}
bones/3/name = "shoulder_left"
bones/3/parent = 2
bones/3/rest = Transform3D(0.410971, 0.911587, 0.0106223, -0.0953474, 0.0313919, 0.994949, 0.906649, -0.409908, 0.0998186, 0.0328466, 0.223951, 0.0108189)
bones/3/enabled = true
bones/3/position = Vector3(0.0328466, 0.223951, 0.0108189)
bones/3/rotation = Quaternion(-0.565633, -0.360764, -0.405418, 0.620923)
bones/3/scale = Vector3(1, 1, 1)
bones/3/bone_meta/extras = {
"transformData": {
"eulerOrder": "ZYX",
"inheritType": 1.0,
"parentMatrixWorld": {
"elements": [0.996591, 0.010221, -0.0818695, 0.0, -0.0181243, 0.995179, -0.096382, 0.0, 0.0804898, 0.0975372, 0.991972, 0.0, -3.74806e-16, 0.199248, 8.84756e-09, 1.0]
},
"rotation": [-64.0335, -76.6558, -33.0384],
"scale": [1.0, 1.0, 1.0],
"translation": [0.0328466, 0.223951, 0.0108189]
}
}
bones/4/name = "upper_arm_left"
bones/4/parent = 3
bones/4/rest = Transform3D(-0.263432, -0.132768, 0.955498, -0.937143, 0.27018, -0.220829, -0.228837, -0.953612, -0.195597, -0.000423703, 0.177154, -0.0145838)
bones/4/enabled = true
bones/4/position = Vector3(-0.000423703, 0.177154, -0.0145838)
bones/4/rotation = Quaternion(-0.406812, 0.657497, -0.446558, 0.45032)
bones/4/scale = Vector3(1, 1, 1)
bones/4/bone_meta/extras = {
"transformData": {
"eulerOrder": "ZYX",
"inheritType": 1.0,
"parentMatrixWorld": {
"elements": [0.410971, -0.0953474, 0.906649, 0.0, 0.911587, 0.0313919, -0.409908, 0.0, 0.0106223, 0.994949, 0.0998186, 0.0, 0.0328466, 0.223951, 0.0108189, 1.0]
},
"rotation": [-95.9101, 21.2696, -96.1362],
"scale": [1.0, 1.0, 1.0],
"translation": [-0.000423703, 0.177154, -0.0145838]
}
}
bones/5/name = "forearm_left"
bones/5/parent = 4
bones/5/rest = Transform3D(0.981288, 0.0398592, 0.188373, 0.0535239, 0.883309, -0.465726, -0.184955, 0.467094, 0.864647, -2.28174e-08, 0.24133, -1.86265e-08)
bones/5/enabled = true
bones/5/position = Vector3(-2.28174e-08, 0.24133, -1.86265e-08)
bones/5/rotation = Quaternion(0.241522, 0.0966608, 0.00353806, 0.965563)
bones/5/scale = Vector3(1, 1, 1)
bones/5/bone_meta/extras = {
"transformData": {
"eulerOrder": "ZYX",
"inheritType": 1.0,
"parentMatrixWorld": {
"elements": [-0.263432, -0.937143, -0.228837, 0.0, -0.132768, 0.27018, -0.953612, 0.0, 0.955498, -0.220829, -0.195597, 0.0, -0.000423703, 0.177154, -0.0145838, 1.0]
},
"rotation": [20.8862, 11.4688, -0.195527],
"scale": [1.0, 1.0, 1.0],
"translation": [-2.28174e-08, 0.24133, -1.86265e-08]
}
}
bones/6/name = "hand_left"
bones/6/parent = 5
bones/6/rest = Transform3D(0.911737, 0.0960451, -0.399387, -0.0314713, 0.985756, 0.165212, 0.409566, -0.138061, 0.901773, 2.37487e-08, 0.273842, -1.86265e-08)
bones/6/enabled = true
bones/6/position = Vector3(2.37487e-08, 0.273842, -1.86265e-08)
bones/6/rotation = Quaternion(-0.0777954, -0.207512, -0.0327105, 0.974585)
bones/6/scale = Vector3(1, 1, 1)
bones/6/bone_meta/extras = {
"transformData": {
"eulerOrder": "ZYX",
"inheritType": 1.0,
"parentMatrixWorld": {
"elements": [0.981288, 0.0535239, -0.184955, 0.0, 0.0398592, 0.883309, 0.467094, 0.0, 0.188373, -0.465726, 0.864647, 0.0, -2.28174e-08, 0.24133, -1.86265e-08, 1.0]
},
"rotation": [-6.8897, -14.0685, 1.29949],
"scale": [1.0, 1.0, 1.0],
"translation": [2.37487e-08, 0.273842, -1.86265e-08]
}
}
bones/7/name = "thumb01L"
bones/7/parent = 6
bones/7/rest = Transform3D(-0.891641, 0.376967, -0.250743, 0.272587, 0.889186, 0.367485, 0.361487, 0.259315, -0.895591, 0.0142178, 0.0368555, 0.0363038)
bones/7/enabled = true
bones/7/position = Vector3(0.0142178, 0.0368555, 0.0363038)
bones/7/rotation = Quaternion(0.169384, 0.958699, 0.16345, -0.159651)
bones/7/scale = Vector3(1, 1, 1)
bones/7/bone_meta/extras = {
"transformData": {
"eulerOrder": "ZYX",
"inheritType": 1.0,
"parentMatrixWorld": {
"elements": [0.911737, -0.0314713, 0.409566, 0.0, 0.0960451, 0.985756, -0.138061, 0.0, -0.399387, 0.165212, 0.901773, 0.0, 2.37487e-08, 0.273842, -1.86265e-08, 1.0]
},
"rotation": [-38.4276, -157.405, -17.1107],
"scale": [1.0, 1.0, 1.0],
"translation": [0.0142178, 0.0368555, 0.0363038]
}
}
bones/8/name = "thumb02L"
bones/8/parent = 7
bones/8/rest = Transform3D(0.987493, 0.0164916, -0.156795, -0.0879578, 0.882986, -0.461084, 0.130844, 0.469109, 0.873394, 5.58794e-09, 0.0369924, -4.28408e-08)
bones/8/enabled = true
bones/8/position = Vector3(5.58794e-09, 0.0369924, -4.28408e-08)
bones/8/rotation = Quaternion(0.240371, -0.0743289, -0.0269908, 0.967455)
bones/8/scale = Vector3(1, 1, 1)
bones/8/bone_meta/extras = {
"transformData": {
"eulerOrder": "ZYX",
"inheritType": 1.0,
"parentMatrixWorld": {
"elements": [-0.891641, 0.272587, 0.361487, 0.0, 0.376967, 0.889186, 0.259315, 0.0, -0.250743, 0.367485, -0.895591, 0.0, 0.0142178, 0.0368555, 0.0363038, 1.0]
},
"rotation": [28.2407, -7.51838, -5.09],
"scale": [1.0, 1.0, 1.0],
"translation": [5.58794e-09, 0.0369924, -4.28408e-08]
}
}
bones/9/name = "f_middle01L"
bones/9/parent = 6
bones/9/rest = Transform3D(-0.929637, 0.356545, -0.0930105, 0.353422, 0.934196, 0.0486944, 0.104252, 0.0123961, -0.994474, 2.53785e-08, 0.082637, -4.65661e-09)
bones/9/enabled = true
bones/9/position = Vector3(2.53785e-08, 0.082637, -4.65661e-09)
bones/9/rotation = Quaternion(0.180722, 0.982129, 0.0155505, -0.0502131)
bones/9/scale = Vector3(1, 1, 1)
bones/9/bone_meta/extras = {
"transformData": {
"eulerOrder": "ZYX",
"inheritType": 1.0,
"parentMatrixWorld": {
"elements": [0.911737, -0.0314713, 0.409566, 0.0, 0.0960451, 0.985756, -0.138061, 0.0, -0.399387, 0.165212, 0.901773, 0.0, 2.37487e-08, 0.273842, -1.86265e-08, 1.0]
},
"rotation": [-0.714155, -174.016, -20.8154],
"scale": [1.0, 1.0, 1.0],
"translation": [2.53785e-08, 0.082637, -4.65661e-09]
}
}
bones/10/name = "neck"
bones/10/parent = 2
bones/10/rest = Transform3D(0.998432, 0.0448708, -0.0334676, -0.055966, 0.788161, -0.61292, -0.00112435, 0.613832, 0.789436, -7.94093e-22, 0.283174, 1.11759e-08)
bones/10/enabled = true
bones/10/position = Vector3(-7.94093e-22, 0.283174, 1.11759e-08)
bones/10/rotation = Quaternion(0.324359, -0.0085517, -0.0266617, 0.94552)
bones/10/scale = Vector3(1, 1, 1)
bones/10/bone_meta/extras = {
"transformData": {
"eulerOrder": "ZYX",
"inheritType": 1.0,
"parentMatrixWorld": {
"elements": [0.996591, 0.010221, -0.0818695, 0.0, -0.0181243, 0.995179, -0.096382, 0.0, 0.0804898, 0.0975372, 0.991972, 0.0, -3.74806e-16, 0.199248, 8.84756e-09, 1.0]
},
"rotation": [32.3824, -1.15361e-05, -7.31605e-06],
"translation": [-7.94093e-22, 0.283174, 1.11759e-08]
}
}
bones/11/name = "head"
bones/11/parent = 10
bones/11/rest = Transform3D(1, -7.39737e-08, -1.17663e-08, 7.39737e-08, 0.950649, 0.310268, -1.17661e-08, -0.310268, 0.950649, 1.7082e-15, 0.0618311, 5.12227e-09)
bones/11/enabled = true
bones/11/position = Vector3(1.7082e-15, 0.0618311, 5.12227e-09)
bones/11/rotation = Quaternion(-0.157084, -3.61986e-14, 3.74518e-08, 0.987585)
bones/11/scale = Vector3(1, 1, 1)
bones/11/bone_meta/extras = {
"transformData": {
"eulerOrder": "ZYX",
"inheritType": 1.0,
"parentMatrixWorld": {
"elements": [0.998432, -0.055966, -0.00112435, 0.0, 0.0448707, 0.788161, 0.613832, 0.0, -0.0334676, -0.61292, 0.789436, 0.0, -7.94093e-22, 0.283174, 1.11759e-08, 1.0]
},
"rotation": [-18.0754, 6.74147e-07, 4.23838e-06],
"translation": [1.7082e-15, 0.0618311, 5.12227e-09]
}
}
bones/12/name = "shoulder_right"
bones/12/parent = 2
bones/12/rest = Transform3D(0.253837, -0.89527, 0.366139, 0.0101761, 0.380988, 0.924524, -0.967193, -0.230953, 0.105819, -0.0328466, 0.223951, 0.0108189)
bones/12/enabled = true
bones/12/position = Vector3(-0.0328466, 0.223951, 0.0108189)
bones/12/rotation = Quaternion(-0.437901, 0.505305, 0.343145, 0.659667)
bones/12/scale = Vector3(1, 1, 1)
bones/12/bone_meta/extras = {
"transformData": {
"eulerOrder": "ZYX",
"inheritType": 1.0,
"parentMatrixWorld": {
"elements": [0.996591, 0.010221, -0.0818695, 0.0, -0.0181243, 0.995179, -0.096382, 0.0, 0.0804898, 0.0975372, 0.991972, 0.0, -3.74806e-16, 0.199248, 8.84756e-09, 1.0]
},
"rotation": [-64.0335, 76.6558, 33.0384],
"scale": [1.0, 1.0, 1.0],
"translation": [-0.0328466, 0.223951, 0.0108189]
}
}
bones/13/name = "upper_arm_right"
bones/13/parent = 12
bones/13/rest = Transform3D(-0.0972891, -0.491704, -0.86531, 0.940026, -0.331001, 0.0823985, -0.326934, -0.805398, 0.494418, 0.000423703, 0.177154, -0.0145838)
bones/13/enabled = true
bones/13/position = Vector3(0.000423703, 0.177154, -0.0145838)
bones/13/rotation = Quaternion(-0.429911, -0.260706, 0.693309, 0.516267)
bones/13/scale = Vector3(1, 1, 1)
bones/13/bone_meta/extras = {
"transformData": {
"eulerOrder": "ZYX",
"inheritType": 1.0,
"parentMatrixWorld": {
"elements": [0.253837, 0.0101761, -0.967193, 0.0, -0.89527, 0.380988, -0.230953, 0.0, 0.366139, 0.924524, 0.105819, 0.0, -0.0328466, 0.223951, 0.0108189, 1.0]
},
"rotation": [-95.9101, -21.2696, 96.1362],
"scale": [1.0, 1.0, 1.0],
"translation": [0.000423703, 0.177154, -0.0145838]
}
}
bones/14/name = "forearm_right"
bones/14/parent = 13
bones/14/rest = Transform3D(0.983982, -0.0676445, -0.164936, -0.0908362, 0.605838, -0.790385, 0.15339, 0.792707, 0.589989, 2.28174e-08, 0.24133, -1.86265e-08)
bones/14/enabled = true
bones/14/position = Vector3(2.28174e-08, 0.24133, -1.86265e-08)
bones/14/rotation = Quaternion(0.44389, -0.0892568, -0.00650272, 0.891601)
bones/14/scale = Vector3(1, 1, 1)
bones/14/bone_meta/extras = {
"transformData": {
"eulerOrder": "ZYX",
"inheritType": 1.0,
"parentMatrixWorld": {
"elements": [-0.0972891, 0.940026, -0.326934, 0.0, -0.491704, -0.331001, -0.805398, 0.0, -0.86531, 0.0823985, 0.494418, 0.0, 0.000423703, 0.177154, -0.0145838, 1.0]
},
"rotation": [20.8862, -11.4688, 0.195527],
"scale": [1.0, 1.0, 1.0],
"translation": [2.28174e-08, 0.24133, -1.86265e-08]
}
}
bones/15/name = "hand_right"
bones/15/parent = 14
bones/15/rest = Transform3D(-0.112123, 0.072985, 0.99101, -0.0323936, 0.996501, -0.0770543, -0.993166, -0.0407419, -0.109367, -2.37487e-08, 0.273842, -1.86265e-08)
bones/15/enabled = true
bones/15/position = Vector3(-2.37487e-08, 0.273842, -1.86265e-08)
bones/15/rotation = Quaternion(0.0136277, 0.744646, -0.0395477, 0.666148)
bones/15/scale = Vector3(1, 1, 1)
bones/15/bone_meta/extras = {
"transformData": {
"eulerOrder": "ZYX",
"inheritType": 1.0,
"parentMatrixWorld": {
"elements": [0.983982, -0.0908362, 0.15339, 0.0, -0.0676445, 0.605838, 0.792707, 0.0, -0.164936, -0.790385, 0.589989, 0.0, 2.28174e-08, 0.24133, -1.86265e-08, 1.0]
},
"rotation": [-6.8897, 14.0685, -1.29949],
"scale": [1.0, 1.0, 1.0],
"translation": [-2.37487e-08, 0.273842, -1.86265e-08]
}
}
bones/16/name = "thumb01R"
bones/16/parent = 15
bones/16/rest = Transform3D(-0.893511, -0.374585, 0.247638, -0.261002, 0.88199, 0.392393, -0.365399, 0.285973, -0.885835, -0.0142178, 0.0368555, 0.0363038)
bones/16/enabled = true
bones/16/position = Vector3(-0.0142178, 0.0368555, 0.0363038)
bones/16/rotation = Quaternion(-0.166083, 0.956731, 0.177261, 0.160191)
bones/16/scale = Vector3(1, 1, 1)
bones/16/bone_meta/extras = {
"transformData": {
"eulerOrder": "ZYX",
"inheritType": 1.0,
"parentMatrixWorld": {
"elements": [-0.112123, -0.0323936, -0.993166, 0.0, 0.072985, 0.996501, -0.0407419, 0.0, 0.99101, -0.0770543, -0.109367, 0.0, -2.37487e-08, 0.273842, -1.86265e-08, 1.0]
},
"rotation": [-38.4276, 157.405, 17.1107],
"scale": [1.0, 1.0, 1.0],
"translation": [-0.0142178, 0.0368555, 0.0363038]
}
}
bones/17/name = "thumb02R"
bones/17/parent = 16
bones/17/rest = Transform3D(0.987493, -0.0164916, 0.156795, 0.0879578, 0.882986, -0.461084, -0.130844, 0.469109, 0.873394, -5.58794e-09, 0.0369924, -4.28408e-08)
bones/17/enabled = true
bones/17/position = Vector3(-5.58794e-09, 0.0369924, -4.28408e-08)
bones/17/rotation = Quaternion(0.240371, 0.0743289, 0.0269908, 0.967455)
bones/17/scale = Vector3(1, 1, 1)
bones/17/bone_meta/extras = {
"transformData": {
"eulerOrder": "ZYX",
"inheritType": 1.0,
"parentMatrixWorld": {
"elements": [-0.893511, -0.261002, -0.365399, 0.0, -0.374585, 0.88199, 0.285973, 0.0, 0.247638, 0.392393, -0.885835, 0.0, -0.0142178, 0.0368555, 0.0363038, 1.0]
},
"rotation": [28.2407, 7.51838, 5.09],
"scale": [1.0, 1.0, 1.0],
"translation": [-5.58794e-09, 0.0369924, -4.28408e-08]
}
}
bones/18/name = "f_middle01R"
bones/18/parent = 15
bones/18/rest = Transform3D(-0.929637, -0.356545, 0.0930105, -0.353422, 0.934196, 0.0486944, -0.104252, 0.0123961, -0.994474, -2.53785e-08, 0.082637, -4.65661e-09)
bones/18/enabled = true
bones/18/position = Vector3(-2.53785e-08, 0.082637, -4.65661e-09)
bones/18/rotation = Quaternion(-0.180722, 0.982129, 0.0155505, 0.0502131)
bones/18/scale = Vector3(1, 1, 1)
bones/18/bone_meta/extras = {
"transformData": {
"eulerOrder": "ZYX",
"inheritType": 1.0,
"parentMatrixWorld": {
"elements": [-0.112123, -0.0323936, -0.993166, 0.0, 0.072985, 0.996501, -0.0407419, 0.0, 0.99101, -0.0770543, -0.109367, 0.0, -2.37487e-08, 0.273842, -1.86265e-08, 1.0]
},
"rotation": [-0.714155, 174.016, 20.8154],
"scale": [1.0, 1.0, 1.0],
"translation": [-2.53785e-08, 0.082637, -4.65661e-09]
}
}
bones/19/name = "thigh_right"
bones/19/parent = 0
bones/19/rest = Transform3D(0.990083, -0.0638585, 0.125132, -0.0264078, -0.959437, -0.280682, 0.137981, 0.274594, -0.951609, -0.0851267, 0.0551366, -0.00220952)
bones/19/enabled = true
bones/19/position = Vector3(-0.0851267, 0.0551366, -0.00220952)
bones/19/rotation = Quaternion(0.987564, -0.0228508, 0.0666068, 0.140567)
bones/19/scale = Vector3(1, 1, 1)
bones/19/bone_meta/extras = {
"transformData": {
"eulerOrder": "ZYX",
"inheritType": 1.0,
"parentMatrixWorld": {
"elements": [1.0, 0.0, 0.0, 0.0, 0.0, -0.24964, 0.968339, 0.0, 0.0, -0.968339, -0.24964, 0.0, 0.0, 0.0479489, 0.877239, 1.0]
},
"rotation": [170.232, -1.91393, -5.6367],
"scale": [1.0, 1.0, 1.0],
"translation": [-0.0851267, 0.0551366, -0.00220952]
}
}
bones/20/name = "shinR"
bones/20/parent = 19
bones/20/rest = Transform3D(0.986055, -0.0381572, 0.161984, 0.084024, 0.954335, -0.28668, -0.143648, 0.296293, 0.944233, 1.19326e-08, 0.468541, 3.72529e-09)
bones/20/enabled = true
bones/20/position = Vector3(1.19326e-08, 0.468541, 3.72529e-09)
bones/20/rotation = Quaternion(0.147892, 0.0775344, 0.0309956, 0.985472)
bones/20/scale = Vector3(1, 1, 1)
bones/20/bone_meta/extras = {
"transformData": {
"eulerOrder": "ZYX",
"inheritType": 1.0,
"parentMatrixWorld": {
"elements": [0.990083, -0.0264078, 0.137981, 0.0, -0.0638585, -0.959438, 0.274594, 0.0, 0.125132, -0.280682, -0.951609, 0.0, -0.0851267, 0.0551366, -0.00220952, 1.0]
},
"rotation": [-2.54668, -0.931581, -1.97699],
"translation": [1.19326e-08, 0.468541, 3.72529e-09]
}
}
bones/21/name = "foot_right"
bones/21/parent = 20
bones/21/rest = Transform3D(0.997845, 0.0156388, 0.0637321, -0.0651906, 0.347519, 0.935404, -0.00751951, -0.937542, 0.347789, -2.44472e-09, 0.383575, -1.14669e-08)
bones/21/enabled = true
bones/21/position = Vector3(-2.44472e-09, 0.383575, -1.14669e-08)
bones/21/rotation = Quaternion(-0.570643, 0.0217087, -0.0246268, 0.820542)
bones/21/scale = Vector3(1, 1, 1)
bones/21/bone_meta/extras = {
"transformData": {
"eulerOrder": "ZYX",
"inheritType": 1.0,
"parentMatrixWorld": {
"elements": [0.986055, 0.084024, -0.143648, 0.0, -0.0381572, 0.954335, 0.296293, 0.0, 0.161984, -0.28668, 0.944233, 0.0, 1.19326e-08, 0.468541, 3.72529e-09, 1.0]
},
"rotation": [-69.6472, 0.43084, -3.7379],
"scale": [1.0, 1.0, 1.0],
"translation": [-2.44472e-09, 0.383575, -1.14669e-08]
}
}
bones/22/name = "thigh_left"
bones/22/parent = 0
bones/22/rest = Transform3D(0.965576, 0.0951882, -0.242077, 0.0260593, -0.961355, -0.274075, -0.258811, 0.258332, -0.930742, 0.0851267, 0.0551366, -0.00220952)
bones/22/enabled = true
bones/22/position = Vector3(0.0851267, 0.0551366, -0.00220952)
bones/22/rotation = Quaternion(0.982048, 0.030866, -0.127511, 0.135535)
bones/22/scale = Vector3(1, 1, 1)
bones/22/bone_meta/extras = {
"transformData": {
"eulerOrder": "ZYX",
"inheritType": 1.0,
"parentMatrixWorld": {
"elements": [1.0, 0.0, 0.0, 0.0, 0.0, -0.24964, 0.968339, 0.0, 0.0, -0.968339, -0.24964, 0.0, 0.0, 0.0479489, 0.877239, 1.0]
},
"rotation": [170.232, 1.91393, 5.6367],
"scale": [1.0, 1.0, 1.0],
"translation": [0.0851267, 0.0551366, -0.00220952]
}
}
bones/23/name = "shinL"
bones/23/parent = 22
bones/23/rest = Transform3D(0.985622, 0.0483585, -0.161895, -0.10528, 0.925198, -0.364588, 0.132154, 0.37639, 0.916987, -1.19326e-08, 0.468541, 3.72529e-09)
bones/23/enabled = true
bones/23/position = Vector3(-1.19326e-08, 0.468541, 3.72529e-09)
bones/23/rotation = Quaternion(0.189365, -0.0751476, -0.0392641, 0.978239)
bones/23/scale = Vector3(1, 1, 1)
bones/23/bone_meta/extras = {
"transformData": {
"eulerOrder": "ZYX",
"inheritType": 1.0,
"parentMatrixWorld": {
"elements": [0.965576, 0.0260593, -0.258811, 0.0, 0.0951882, -0.961355, 0.258332, 0.0, -0.242077, -0.274075, -0.930742, 0.0, 0.0851267, 0.0551366, -0.00220952, 1.0]
},
"rotation": [-2.54668, 0.931581, 1.97699],
"translation": [-1.19326e-08, 0.468541, 3.72529e-09]
}
}
bones/24/name = "foot_left"
bones/24/parent = 23
bones/24/rest = Transform3D(0.997845, -0.0156388, -0.0637321, 0.0651906, 0.347519, 0.935404, 0.00751951, -0.937542, 0.347789, 2.44472e-09, 0.383575, -1.14669e-08)
bones/24/enabled = true
bones/24/position = Vector3(2.44472e-09, 0.383575, -1.14669e-08)
bones/24/rotation = Quaternion(-0.570643, -0.0217087, 0.0246268, 0.820542)
bones/24/scale = Vector3(1, 1, 1)
bones/24/bone_meta/extras = {
"transformData": {
"eulerOrder": "ZYX",
"inheritType": 1.0,
"parentMatrixWorld": {
"elements": [0.985622, -0.10528, 0.132154, 0.0, 0.0483585, 0.925198, 0.37639, 0.0, -0.161895, -0.364588, 0.916987, 0.0, -1.19326e-08, 0.468541, 3.72529e-09, 1.0]
},
"rotation": [-69.6472, -0.43084, 3.7379],
"scale": [1.0, 1.0, 1.0],
"translation": [2.44472e-09, 0.383575, -1.14669e-08]
}
}

[node name="male_player" type="MeshInstance3D" parent="Node/rig/Skeleton3D"]
transform = Transform3D(1, 0, -5.12227e-09, 7.45058e-09, 1, 3.72529e-09, -3.25963e-09, -3.72529e-09, 1, 0, 0, 0)
mesh = ExtResource("2_abqhh")
skin = SubResource("Skin_4d567")
metadata/extras = {
"transformData": {
"eulerOrder": "ZYX",
"inheritType": 1.0,
"parentMatrixWorld": {
"elements": [1.0, 0.0, 0.0, 0.0, 0.0, 1.0, 0.0, 0.0, 0.0, 0.0, 1.0, 0.0, 0.0, -0.863443, 0.0231922, 1.0]
}
}
}

[node name="AnimationPlayer" type="AnimationPlayer" parent="."]
libraries = {
&"": SubResource("AnimationLibrary_vwryr")
}

[node name="CollisionShape3D" type="CollisionShape3D" parent="."]
transform = Transform3D(1, 0, 0, 0, 1, 0, 0, 0, 1, 0, 1, 0)
shape = SubResource("CapsuleShape3D_wuru7")
