{
  "asset": {
    "version": "2.0",
    "generator": "GLTFExporter"
  },
  "scenes": [
    {
      "name": "AuxScene",
      "nodes": [
        27
      ]
    }
  ],
  "scene": 0,
  "nodes": [
    {
      "name": "male_player",
      "extras": {
        "transformData": {
          "inheritType": 1,
          "eulerOrder": "ZYX",
          "parentMatrixWorld": {
            "elements": [
              1,
              0,
              0,
              0,
              0,
              1,
              0,
              0,
              0,
              0,
              1,
              0,
              0,
              -0.8634428198856767,
              0.02319219335913658,
              1
            ]
          }
        }
      },
      "mesh": 0,
      "skin": 0
    },
    {
      "rotation": [
        0.2403712796777951,
        -0.07432896278586527,
        -0.026990770657958636,
        0.9674545733503594
      ],
      "translation": [
        5.587935447692871e-9,
        0.036992430686950684,
        -4.284083843231201e-8
      ],
      "scale": [
        0.9999999403953552,
        0.9999999403953553,
        1.0000001192092896
      ],
      "name": "thumb02L",
      "extras": {
        "transformData": {
          "inheritType": 1,
          "eulerOrder": "ZYX",
          "translation": [
            5.587935447692871e-9,
            0.036992430686950684,
            -4.284083843231201e-8
          ],
          "rotation": [
            28.240714859360022,
            -7.518376832668433,
            -5.090003818560657
          ],
          "scale": [
            0.9999999403953552,
            0.9999999403953552,
            1.0000001192092896
          ],
          "parentMatrixWorld": {
            "elements": [
              -0.8916410181939978,
              0.27258693273614565,
              0.3614869782501331,
              0,
              0.37696729945716484,
              0.8891859260968,
              0.2593150453394158,
              0,
              -0.2507432159863838,
              0.36748462796192616,
              -0.8955909026370965,
              0,
              0.014217824675142765,
              0.03685550391674042,
              0.03630383312702179,
              1
            ]
          }
        }
      }
    },
    {
      "rotation": [
        -0.16938422620296478,
        -0.9586993455886841,
        -0.16345052421092987,
        0.1596512496471405
      ],
      "translation": [
        0.014217824675142765,
        0.03685550391674042,
        0.03630383312702179
      ],
      "scale": [
        1,
        1.0000001192092896,
        1
      ],
      "name": "thumb01L",
      "extras": {
        "transformData": {
          "inheritType": 1,
          "eulerOrder": "ZYX",
          "translation": [
            0.014217824675142765,
            0.03685550391674042,
            0.03630383312702179
          ],
          "rotation": [
            -38.427631232826805,
            -157.40539772509564,
            -17.110680842656002
          ],
          "scale": [
            1,
            1.0000001192092896,
            1
          ],
          "parentMatrixWorld": {
            "elements": [
              0.91173740671776,
              -0.03147130614774314,
              0.4095660473058008,
              0,
              0.09604511826181833,
              0.9857558656851481,
              -0.1380605296753566,
              0,
              -0.39938718879563656,
              0.1652117674793246,
              0.9017731617577748,
              0,
              2.3748725652694702e-8,
              0.2738417088985443,
              -1.862645149230957e-8,
              1
            ]
          }
        }
      },
      "children": [
        1
      ]
    },
    {
      "rotation": [
        0.18072155983648233,
        0.9821285853894227,
        0.015550531725386427,
        -0.05021295185804081
      ],
      "translation": [
        2.537854015827179e-8,
        0.0826370045542717,
        -4.6566128730773926e-9
      ],
      "scale": [
        0.9999998807907106,
        0.9999998807907104,
        0.9999998807907104
      ],
      "name": "f_middle01L",
      "extras": {
        "transformData": {
          "inheritType": 1,
          "eulerOrder": "ZYX",
          "translation": [
            2.537854015827179e-8,
            0.0826370045542717,
            -4.6566128730773926e-9
          ],
          "rotation": [
            -0.7141550813847187,
            -174.01593967332477,
            -20.815406184322182
          ],
          "scale": [
            0.9999998807907104,
            0.9999998807907104,
            0.9999998807907104
          ],
          "parentMatrixWorld": {
            "elements": [
              0.91173740671776,
              -0.03147130614774314,
              0.4095660473058008,
              0,
              0.09604511826181833,
              0.9857558656851481,
              -0.1380605296753566,
              0,
              -0.39938718879563656,
              0.1652117674793246,
              0.9017731617577748,
              0,
              2.3748725652694702e-8,
              0.2738417088985443,
              -1.862645149230957e-8,
              1
            ]
          }
        }
      }
    },
    {
      "rotation": [
        -0.07779521172403939,
        -0.20751216176163836,
        -0.03271042938021256,
        0.9745853899011779
      ],
      "translation": [
        2.3748725652694702e-8,
        0.2738417088985443,
        -1.862645149230957e-8
      ],
      "scale": [
        0.9999999403953552,
        1,
        0.9999999403953552
      ],
      "name": "hand_left",
      "extras": {
        "transformData": {
          "inheritType": 1,
          "eulerOrder": "ZYX",
          "translation": [
            2.3748725652694702e-8,
            0.2738417088985443,
            -1.862645149230957e-8
          ],
          "rotation": [
            -6.889700181364249,
            -14.068522270295137,
            1.2994887395981771
          ],
          "scale": [
            0.9999999403953552,
            1,
            0.9999999403953552
          ],
          "parentMatrixWorld": {
            "elements": [
              0.9812882934020005,
              0.05352386265286714,
              -0.18495534963581453,
              0,
              0.03985917451708951,
              0.883309035279448,
              0.4670935606497986,
              0,
              0.18837337181491423,
              -0.46572558278869836,
              0.8646473472566265,
              0,
              -2.2817403078079224e-8,
              0.24132975935935974,
              -1.862645149230957e-8,
              1
            ]
          }
        }
      },
      "children": [
        2,
        3
      ]
    },
    {
      "rotation": [
        0.2415221828988617,
        0.0966609319785143,
        0.003538011877422057,
        0.9655626245193883
      ],
      "translation": [
        -2.2817403078079224e-8,
        0.24132975935935974,
        -1.862645149230957e-8
      ],
      "scale": [
        1,
        1,
        0.9999999403953552
      ],
      "name": "forearm_left",
      "extras": {
        "transformData": {
          "inheritType": 1,
          "eulerOrder": "ZYX",
          "translation": [
            -2.2817403078079224e-8,
            0.24132975935935974,
            -1.862645149230957e-8
          ],
          "rotation": [
            20.886154991292468,
            11.468841281614273,
            -0.195526624750765
          ],
          "scale": [
            1,
            1,
            0.9999999403953552
          ],
          "parentMatrixWorld": {
            "elements": [
              -0.2634316405194324,
              -0.9371431477910894,
              -0.228836900308554,
              0,
              -0.13276818313264127,
              0.2701795793048607,
              -0.9536118593968237,
              0,
              0.955497890130389,
              -0.22082929804592555,
              -0.19559662861994281,
              0,
              -0.0004237033426761627,
              0.17715418338775635,
              -0.014583832584321499,
              1
            ]
          }
        }
      },
      "children": [
        4
      ]
    },
    {
      "rotation": [
        -0.40681242752415014,
        0.6574967444414562,
        -0.4465577892719796,
        0.45031966737603185
      ],
      "translation": [
        -0.0004237033426761627,
        0.17715418338775635,
        -0.014583832584321499
      ],
      "scale": [
        0.9999999403953552,
        1,
        0.9999999403953553
      ],
      "name": "upper_arm_left",
      "extras": {
        "transformData": {
          "inheritType": 1,
          "eulerOrder": "ZYX",
          "translation": [
            -0.0004237033426761627,
            0.17715418338775635,
            -0.014583832584321499
          ],
          "rotation": [
            -95.91012421215518,
            21.26957961318218,
            -96.13621030387178
          ],
          "scale": [
            0.9999999403953552,
            1,
            0.9999999403953552
          ],
          "parentMatrixWorld": {
            "elements": [
              0.4109709870234577,
              -0.09534741284483983,
              0.9066485567648955,
              0,
              0.9115865298313791,
              0.03139188357291744,
              -0.40990798741845036,
              0,
              0.010622257393475406,
              0.9949490767449661,
              0.09981858507810847,
              0,
              0.032846562564373016,
              0.22395142912864685,
              0.010818945243954659,
              1
            ]
          }
        }
      },
      "children": [
        5
      ]
    },
    {
      "rotation": [
        -0.5656325120534343,
        -0.3607638766821282,
        -0.4054182032440856,
        0.6209230001897167
      ],
      "translation": [
        0.032846562564373016,
        0.22395142912864685,
        0.010818945243954659
      ],
      "scale": [
        0.9999999403953552,
        0.9999999999999999,
        1.0000001192092896
      ],
      "name": "shoulder_left",
      "extras": {
        "transformData": {
          "inheritType": 1,
          "eulerOrder": "ZYX",
          "translation": [
            0.032846562564373016,
            0.22395142912864685,
            0.010818945243954659
          ],
          "rotation": [
            -64.03345377078725,
            -76.65575947018671,
            -33.038407072011644
          ],
          "scale": [
            0.9999999403953552,
            1,
            1.0000001192092896
          ],
          "parentMatrixWorld": {
            "elements": [
              0.9965906420831143,
              0.010221035072973658,
              -0.08186954360431417,
              0,
              -0.018124304126231148,
              0.9951793932589087,
              -0.09638197076849796,
              0,
              0.08048975914910877,
              0.09753719870550291,
              0.9919717196752978,
              0,
              -3.748055675942459e-16,
              0.19924820959568024,
              8.847564458847046e-9,
              1
            ]
          }
        }
      },
      "children": [
        6
      ]
    },
    {
      "rotation": [
        -0.15708423676792363,
        -4.7811693876188664e-14,
        3.7451803315295875e-8,
        0.987585207746166
      ],
      "translation": [
        1.7081973686841178e-15,
        0.061831142753362656,
        5.122274160385132e-9
      ],
      "scale": [
        0.9999999999999999,
        0.9999999999999999,
        0.9999999999999999
      ],
      "name": "head",
      "extras": {
        "transformData": {
          "inheritType": 1,
          "eulerOrder": "ZYX",
          "translation": [
            1.7081973686841178e-15,
            0.061831142753362656,
            5.122274160385132e-9
          ],
          "rotation": [
            -18.07539042140694,
            6.741468080617637e-7,
            0.000004238381316969832
          ],
          "parentMatrixWorld": {
            "elements": [
              0.998432039537399,
              -0.05596604437172541,
              -0.0011243485632792503,
              0,
              0.04487074979752036,
              0.7881606502509271,
              0.6138317244203301,
              0,
              -0.03346756780702793,
              -0.6129197108672633,
              0.789436084016868,
              0,
              -7.940933880509066e-22,
              0.283174067735672,
              1.1175870895385742e-8,
              1
            ]
          }
        }
      }
    },
    {
      "rotation": [
        0.3243591008703177,
        -0.008551705921333988,
        -0.02666174332513751,
        0.9455195121672121
      ],
      "translation": [
        -7.940933880509066e-22,
        0.283174067735672,
        1.1175870895385742e-8
      ],
      "scale": [
        1,
        1,
        0.9999999999999999
      ],
      "name": "neck",
      "extras": {
        "transformData": {
          "inheritType": 1,
          "eulerOrder": "ZYX",
          "translation": [
            -7.940933880509066e-22,
            0.283174067735672,
            1.1175870895385742e-8
          ],
          "rotation": [
            32.382401553177765,
            -0.000011536083730943273,
            -0.000007316054163596611
          ],
          "parentMatrixWorld": {
            "elements": [
              0.9965906420831143,
              0.010221035072973658,
              -0.08186954360431417,
              0,
              -0.018124304126231148,
              0.9951793932589087,
              -0.09638197076849796,
              0,
              0.08048975914910877,
              0.09753719870550291,
              0.9919717196752978,
              0,
              -3.748055675942459e-16,
              0.19924820959568024,
              8.847564458847046e-9,
              1
            ]
          }
        }
      },
      "children": [
        8
      ]
    },
    {
      "rotation": [
        0.2403712796777951,
        0.07432896278586527,
        0.026990770657958636,
        0.9674545733503594
      ],
      "translation": [
        -5.587935447692871e-9,
        0.036992430686950684,
        -4.284083843231201e-8
      ],
      "scale": [
        0.9999999403953552,
        0.9999999403953553,
        1.0000001192092896
      ],
      "name": "thumb02R",
      "extras": {
        "transformData": {
          "inheritType": 1,
          "eulerOrder": "ZYX",
          "translation": [
            -5.587935447692871e-9,
            0.036992430686950684,
            -4.284083843231201e-8
          ],
          "rotation": [
            28.240714859360022,
            7.518376832668433,
            5.090003818560657
          ],
          "scale": [
            0.9999999403953552,
            0.9999999403953552,
            1.0000001192092896
          ],
          "parentMatrixWorld": {
            "elements": [
              -0.8935107669983684,
              -0.2610024573923826,
              -0.36539855675312616,
              0,
              -0.37458483474788906,
              0.8819897298453894,
              0.2859729862909059,
              0,
              0.2476380888967551,
              0.3923926752565219,
              -0.8858347727472236,
              0,
              -0.014217824675142765,
              0.03685550391674042,
              0.03630383312702179,
              1
            ]
          }
        }
      }
    },
    {
      "rotation": [
        -0.16608309745788574,
        0.9567307829856873,
        0.1772613674402237,
        0.16019047796726227
      ],
      "translation": [
        -0.014217824675142765,
        0.03685550391674042,
        0.03630383312702179
      ],
      "scale": [
        1,
        1.0000001192092896,
        1
      ],
      "name": "thumb01R",
      "extras": {
        "transformData": {
          "inheritType": 1,
          "eulerOrder": "ZYX",
          "translation": [
            -0.014217824675142765,
            0.03685550391674042,
            0.03630383312702179
          ],
          "rotation": [
            -38.427631232826805,
            157.40539772509564,
            17.110680842656002
          ],
          "scale": [
            1,
            1.0000001192092896,
            1
          ],
          "parentMatrixWorld": {
            "elements": [
              -0.11212340837861688,
              -0.03239355587045268,
              -0.9931660935997358,
              0,
              0.07298497021743018,
              0.9965005208428446,
              -0.04074194537950894,
              0,
              0.9910103060490627,
              -0.07705432302040537,
              -0.1093667921652407,
              0,
              -2.3748725652694702e-8,
              0.2738417088985443,
              -1.862645149230957e-8,
              1
            ]
          }
        }
      },
      "children": [
        10
      ]
    },
    {
      "rotation": [
        -0.18072155983648233,
        0.9821285853894227,
        0.015550531725386427,
        0.05021295185804081
      ],
      "translation": [
        -2.537854015827179e-8,
        0.0826370045542717,
        -4.6566128730773926e-9
      ],
      "scale": [
        0.9999998807907106,
        0.9999998807907104,
        0.9999998807907104
      ],
      "name": "f_middle01R",
      "extras": {
        "transformData": {
          "inheritType": 1,
          "eulerOrder": "ZYX",
          "translation": [
            -2.537854015827179e-8,
            0.0826370045542717,
            -4.6566128730773926e-9
          ],
          "rotation": [
            -0.7141550813847187,
            174.01593967332477,
            20.815406184322182
          ],
          "scale": [
            0.9999998807907104,
            0.9999998807907104,
            0.9999998807907104
          ],
          "parentMatrixWorld": {
            "elements": [
              -0.11212340837861688,
              -0.03239355587045268,
              -0.9931660935997358,
              0,
              0.07298497021743018,
              0.9965005208428446,
              -0.04074194537950894,
              0,
              0.9910103060490627,
              -0.07705432302040537,
              -0.1093667921652407,
              0,
              -2.3748725652694702e-8,
              0.2738417088985443,
              -1.862645149230957e-8,
              1
            ]
          }
        }
      }
    },
    {
      "rotation": [
        0.013627754579093727,
        0.744646012308625,
        -0.039547741828196495,
        0.6661475671384431
      ],
      "translation": [
        -2.3748725652694702e-8,
        0.2738417088985443,
        -1.862645149230957e-8
      ],
      "scale": [
        0.9999999403953552,
        1,
        0.9999999403953552
      ],
      "name": "hand_right",
      "extras": {
        "transformData": {
          "inheritType": 1,
          "eulerOrder": "ZYX",
          "translation": [
            -2.3748725652694702e-8,
            0.2738417088985443,
            -1.862645149230957e-8
          ],
          "rotation": [
            -6.889700181364249,
            14.068522270295137,
            -1.2994887395981771
          ],
          "scale": [
            0.9999999403953552,
            1,
            0.9999999403953552
          ],
          "parentMatrixWorld": {
            "elements": [
              0.9839819296863455,
              -0.09083623191064197,
              0.15338950440285715,
              0,
              -0.06764447159105644,
              0.605837868361943,
              0.7927071836738555,
              0,
              -0.1649356944657549,
              -0.790385449060206,
              0.5899889107179268,
              0,
              2.2817403078079224e-8,
              0.24132975935935974,
              -1.862645149230957e-8,
              1
            ]
          }
        }
      },
      "children": [
        11,
        12
      ]
    },
    {
      "rotation": [
        0.44389050323260865,
        -0.089256642318078,
        -0.006502842373145647,
        0.8916008949932028
      ],
      "translation": [
        2.2817403078079224e-8,
        0.24132975935935974,
        -1.862645149230957e-8
      ],
      "scale": [
        1,
        1,
        0.9999999403953552
      ],
      "name": "forearm_right",
      "extras": {
        "transformData": {
          "inheritType": 1,
          "eulerOrder": "ZYX",
          "translation": [
            2.2817403078079224e-8,
            0.24132975935935974,
            -1.862645149230957e-8
          ],
          "rotation": [
            20.886154991292468,
            -11.468841281614273,
            0.195526624750765
          ],
          "scale": [
            1,
            1,
            0.9999999403953552
          ],
          "parentMatrixWorld": {
            "elements": [
              -0.09728914867493242,
              0.9400260241385273,
              -0.3269340392012773,
              0,
              -0.4917043737045601,
              -0.33100085756113007,
              -0.8053976347030635,
              0,
              -0.8653101350080012,
              0.08239847631633228,
              0.49441762051543703,
              0,
              0.0004237033426761627,
              0.17715418338775635,
              -0.014583832584321499,
              1
            ]
          }
        }
      },
      "children": [
        13
      ]
    },
    {
      "rotation": [
        -0.4299110527487886,
        -0.26070608303588855,
        0.693308672601889,
        0.5162673245164837
      ],
      "translation": [
        0.0004237033426761627,
        0.17715418338775635,
        -0.014583832584321499
      ],
      "scale": [
        0.9999999403953552,
        1,
        0.9999999403953553
      ],
      "name": "upper_arm_right",
      "extras": {
        "transformData": {
          "inheritType": 1,
          "eulerOrder": "ZYX",
          "translation": [
            0.0004237033426761627,
            0.17715418338775635,
            -0.014583832584321499
          ],
          "rotation": [
            -95.91012421215518,
            -21.26957961318218,
            96.13621030387178
          ],
          "scale": [
            0.9999999403953552,
            1,
            0.9999999403953552
          ],
          "parentMatrixWorld": {
            "elements": [
              0.2538371165245336,
              0.010176135577741273,
              -0.967193409045425,
              0,
              -0.8952702905927564,
              0.38098822006098015,
              -0.23095263676840874,
              0,
              0.36613917368713855,
              0.9245240200706794,
              0.1058193477314142,
              0,
              -0.032846562564373016,
              0.22395142912864685,
              0.010818945243954659,
              1
            ]
          }
        }
      },
      "children": [
        14
      ]
    },
    {
      "rotation": [
        -0.43790112367881034,
        0.5053047974465036,
        0.34314500703105844,
        0.6596674934972097
      ],
      "translation": [
        -0.032846562564373016,
        0.22395142912864685,
        0.010818945243954659
      ],
      "scale": [
        0.9999999403953552,
        0.9999999999999999,
        1.0000001192092896
      ],
      "name": "shoulder_right",
      "extras": {
        "transformData": {
          "inheritType": 1,
          "eulerOrder": "ZYX",
          "translation": [
            -0.032846562564373016,
            0.22395142912864685,
            0.010818945243954659
          ],
          "rotation": [
            -64.03345377078725,
            76.65575947018671,
            33.038407072011644
          ],
          "scale": [
            0.9999999403953552,
            1,
            1.0000001192092896
          ],
          "parentMatrixWorld": {
            "elements": [
              0.9965906420831143,
              0.010221035072973658,
              -0.08186954360431417,
              0,
              -0.018124304126231148,
              0.9951793932589087,
              -0.09638197076849796,
              0,
              0.08048975914910877,
              0.09753719870550291,
              0.9919717196752978,
              0,
              -3.748055675942459e-16,
              0.19924820959568024,
              8.847564458847046e-9,
              1
            ]
          }
        }
      },
      "children": [
        15
      ]
    },
    {
      "rotation": [
        -0.048578619651312896,
        0.040672569074551156,
        0.0071007804725062755,
        0.9979656218410066
      ],
      "translation": [
        -3.748055675942459e-16,
        0.19924820959568024,
        8.847564458847046e-9
      ],
      "name": "chest",
      "extras": {
        "transformData": {
          "inheritType": 1,
          "eulerOrder": "ZYX",
          "translation": [
            -3.748055675942459e-16,
            0.19924820959568024,
            8.847564458847046e-9
          ],
          "rotation": [
            -8.528210056171064,
            -0.000013660381596913497,
            2.2257733840219265e-13
          ],
          "parentMatrixWorld": {
            "elements": [
              0.9991422680678793,
              -0.004369636866253418,
              -0.04117808092965469,
              0,
              -0.0029591091040092592,
              0.9843403028011471,
              -0.17625348563221982,
              0,
              0.04130340838588471,
              0.1762241578221606,
              0.9834830724591538,
              0,
              0,
              0.13222378492355347,
              -9.313225746154785e-10,
              1
            ]
          }
        }
      },
      "children": [
        7,
        9,
        16
      ]
    },
    {
      "rotation": [
        -0.0884855574601838,
        0.020706051803812953,
        -0.0003540971026869465,
        0.9958621344005553
      ],
      "translation": [
        0,
        0.13222378492355347,
        -9.313225746154785e-10
      ],
      "scale": [
        1,
        0.9999999403953552,
        0.9999999403953551
      ],
      "name": "spine",
      "extras": {
        "transformData": {
          "inheritType": 1,
          "eulerOrder": "ZYX",
          "translation": [
            0,
            0.13222378492355347,
            -9.313225746154785e-10
          ],
          "rotation": [
            -11.632470416012975,
            0.000013379807210022007,
            -0.0000027543825416968632
          ],
          "scale": [
            1,
            0.9999999403953552,
            0.9999999403953552
          ],
          "parentMatrixWorld": {
            "elements": [
              1,
              0,
              0,
              0,
              0,
              -0.24963985868084393,
              0.9683387498963683,
              0,
              0,
              -0.9683386921788811,
              -0.24963984380114887,
              0,
              0,
              0.047948915511369705,
              0.8772392272949219,
              1
            ]
          }
        }
      },
      "children": [
        17
      ]
    },
    {
      "rotation": [
        -0.5706435681292051,
        0.0217087290994129,
        -0.024626856959152517,
        0.8205413866161603
      ],
      "translation": [
        -2.444721758365631e-9,
        0.3835750222206116,
        -1.146690919995308e-8
      ],
      "scale": [
        0.9999999999999999,
        0.9999998211860658,
        0.9999998807907104
      ],
      "name": "foot_right",
      "extras": {
        "transformData": {
          "inheritType": 1,
          "eulerOrder": "ZYX",
          "translation": [
            -2.444721758365631e-9,
            0.3835750222206116,
            -1.146690919995308e-8
          ],
          "rotation": [
            -69.64724089113409,
            0.4308400352317798,
            -3.737902985559518
          ],
          "scale": [
            1,
            0.9999998211860657,
            0.9999998807907104
          ],
          "parentMatrixWorld": {
            "elements": [
              0.9860553303575158,
              0.08402400339986155,
              -0.14364835934032047,
              0,
              -0.0381571671722678,
              0.9543347080096969,
              0.29629257803862924,
              0,
              0.16198430443068673,
              -0.28667966105053505,
              0.9442329438856427,
              0,
              1.1932570487260818e-8,
              0.4685414731502533,
              3.725290298461914e-9,
              1
            ]
          }
        }
      }
    },
    {
      "rotation": [
        0.14789158061074364,
        0.07753456288413918,
        0.030995586453679128,
        0.9854723248640667
      ],
      "translation": [
        1.1932570487260818e-8,
        0.4685414731502533,
        3.725290298461914e-9
      ],
      "scale": [
        0.9999999999999999,
        1,
        1
      ],
      "name": "shinR",
      "extras": {
        "transformData": {
          "inheritType": 1,
          "eulerOrder": "ZYX",
          "translation": [
            1.1932570487260818e-8,
            0.4685414731502533,
            3.725290298461914e-9
          ],
          "rotation": [
            -2.546682349259563,
            -0.931581240285675,
            -1.976994199835371
          ],
          "parentMatrixWorld": {
            "elements": [
              0.9900827512832977,
              -0.026407766757040197,
              0.13798063996193355,
              0,
              -0.06385852236880421,
              -0.9594376022660062,
              0.2745937438255176,
              0,
              0.1251324043682926,
              -0.2806817856559521,
              -0.9516090392893481,
              0,
              -0.08512668311595917,
              0.05513662099838257,
              -0.0022095218300819397,
              1
            ]
          }
        }
      },
      "children": [
        19
      ]
    },
    {
      "rotation": [
        0.9875638526004517,
        -0.022850747944596447,
        0.0666065925412531,
        0.14056699423012473
      ],
      "translation": [
        -0.08512668311595917,
        0.05513662099838257,
        -0.0022095218300819397
      ],
      "scale": [
        0.9999999403953551,
        0.9999999999999999,
        1
      ],
      "name": "thigh_right",
      "extras": {
        "transformData": {
          "inheritType": 1,
          "eulerOrder": "ZYX",
          "translation": [
            -0.08512668311595917,
            0.05513662099838257,
            -0.0022095218300819397
          ],
          "rotation": [
            170.23152309951746,
            -1.9139295691247624,
            -5.636702405012233
          ],
          "scale": [
            0.9999999403953552,
            1,
            1
          ],
          "parentMatrixWorld": {
            "elements": [
              1,
              0,
              0,
              0,
              0,
              -0.24963985868084393,
              0.9683387498963683,
              0,
              0,
              -0.9683386921788811,
              -0.24963984380114887,
              0,
              0,
              0.047948915511369705,
              0.8772392272949219,
              1
            ]
          }
        }
      },
      "children": [
        20
      ]
    },
    {
      "rotation": [
        -0.5706435681292051,
        -0.0217087290994129,
        0.024626856959152517,
        0.8205413866161603
      ],
      "translation": [
        2.444721758365631e-9,
        0.3835750222206116,
        -1.146690919995308e-8
      ],
      "scale": [
        0.9999999999999999,
        0.9999998211860658,
        0.9999998807907104
      ],
      "name": "foot_left",
      "extras": {
        "transformData": {
          "inheritType": 1,
          "eulerOrder": "ZYX",
          "translation": [
            2.444721758365631e-9,
            0.3835750222206116,
            -1.146690919995308e-8
          ],
          "rotation": [
            -69.64724089113409,
            -0.4308400352317798,
            3.737902985559518
          ],
          "scale": [
            1,
            0.9999998211860657,
            0.9999998807907104
          ],
          "parentMatrixWorld": {
            "elements": [
              0.9856223422454691,
              -0.10527986478168185,
              0.13215426077612485,
              0,
              0.048358461337858455,
              0.925198284718783,
              0.37639021468052797,
              0,
              -0.16189520618834916,
              -0.36458782832367004,
              0.9169872726745905,
              0,
              -1.1932570487260818e-8,
              0.4685414731502533,
              3.725290298461914e-9,
              1
            ]
          }
        }
      }
    },
    {
      "rotation": [
        0.18936524552574036,
        -0.0751476376852981,
        -0.03926399658191449,
        0.9782392235531375
      ],
      "translation": [
        -1.1932570487260818e-8,
        0.4685414731502533,
        3.725290298461914e-9
      ],
      "scale": [
        0.9999999999999999,
        1,
        1
      ],
      "name": "shinL",
      "extras": {
        "transformData": {
          "inheritType": 1,
          "eulerOrder": "ZYX",
          "translation": [
            -1.1932570487260818e-8,
            0.4685414731502533,
            3.725290298461914e-9
          ],
          "rotation": [
            -2.546682349259563,
            0.931581240285675,
            1.976994199835371
          ],
          "parentMatrixWorld": {
            "elements": [
              0.9655763513092332,
              0.0260592580535864,
              -0.2588109432166247,
              0,
              0.0951881576002601,
              -0.9613550595239891,
              0.25833232228685354,
              0,
              -0.24207728513351395,
              -0.27407533466949213,
              -0.9307422976761697,
              0,
              0.08512668311595917,
              0.05513662099838257,
              -0.0022095218300819397,
              1
            ]
          }
        }
      },
      "children": [
        22
      ]
    },
    {
      "rotation": [
        0.9820480851341027,
        0.030865957340200558,
        -0.12751112989240124,
        0.1355350275143715
      ],
      "translation": [
        0.08512668311595917,
        0.05513662099838257,
        -0.0022095218300819397
      ],
      "scale": [
        0.9999999403953551,
        0.9999999999999999,
        1
      ],
      "name": "thigh_left",
      "extras": {
        "transformData": {
          "inheritType": 1,
          "eulerOrder": "ZYX",
          "translation": [
            0.08512668311595917,
            0.05513662099838257,
            -0.0022095218300819397
          ],
          "rotation": [
            170.23152309951746,
            1.9139295691247624,
            5.636702405012233
          ],
          "scale": [
            0.9999999403953552,
            1,
            1
          ],
          "parentMatrixWorld": {
            "elements": [
              1,
              0,
              0,
              0,
              0,
              -0.24963985868084393,
              0.9683387498963683,
              0,
              0,
              -0.9683386921788811,
              -0.24963984380114887,
              0,
              0,
              0.047948915511369705,
              0.8772392272949219,
              1
            ]
          }
        }
      },
      "children": [
        23
      ]
    },
    {
      "rotation": [
        0.7904555201530457,
        0,
        0,
        0.6125194430351257
      ],
      "translation": [
        0,
        0.047948915511369705,
        0.8772392272949219
      ],
      "scale": [
        1,
        1,
        0.9999999403953553
      ],
      "name": "pelvis",
      "extras": {
        "transformData": {
          "inheritType": 1,
          "eulerOrder": "ZYX",
          "translation": [
            0,
            0.047948915511369705,
            0.8772392272949219
          ],
          "rotation": [
            104.45619350545853,
            0,
            0
          ],
          "scale": [
            1,
            1,
            0.9999999403953552
          ],
          "parentMatrixWorld": {
            "elements": [
              0.9996832051346396,
              -0.024070352927570378,
              -0.007355777197972118,
              0,
              -0.01050407504924644,
              -0.13340595855563084,
              -0.9910057671819985,
              0,
              0.022872554636590128,
              0.9907690872703709,
              -0.13361653302262708,
              0,
              -0.01973813700397424,
              0.002864264646366956,
              0.16804330926102964,
              1
            ]
          }
        }
      },
      "children": [
        18,
        21,
        24
      ]
    },
    {
      "rotation": [
        -0.7527791337292927,
        0.011482261671339759,
        -0.005153164036889341,
        0.6581528251967451
      ],
      "translation": [
        -0.01973813700397424,
        0.002864264646366956,
        0.16804330926102964
      ],
      "scale": [
        1,
        0.9999999999999999,
        0.9999999999999999
      ],
      "name": "rig",
      "extras": {
        "transformData": {
          "inheritType": 1,
          "eulerOrder": "ZYX",
          "rotation": [
            -90.00000933466734,
            0,
            0
          ],
          "parentMatrixWorld": {
            "elements": [
              1,
              0,
              0,
              0,
              0,
              1,
              0,
              0,
              0,
              0,
              1,
              0,
              0,
              -0.8634428198856767,
              0.02319219335913658,
              1
            ]
          }
        }
      },
      "children": [
        25
      ]
    },
    {
      "translation": [
        0,
        -0.8634428198856767,
        0.02319219335913658
      ],
      "children": [
        0,
        26
      ]
    }
  ],
  "bufferViews": [
    {
      "buffer": 0,
      "byteOffset": 0,
      "byteLength": 34272,
      "target": 34962,
      "byteStride": 12
    },
    {
      "buffer": 0,
      "byteOffset": 34272,
      "byteLength": 22848,
      "target": 34962,
      "byteStride": 8
    },
    {
      "buffer": 0,
      "byteOffset": 57120,
      "byteLength": 45696,
      "target": 34962,
      "byteStride": 16
    },
    {
      "buffer": 0,
      "byteOffset": 102816,
      "byteLength": 34272,
      "target": 34962,
      "byteStride": 12
    },
    {
      "buffer": 0,
      "byteOffset": 137088,
      "byteLength": 22848,
      "target": 34962,
      "byteStride": 8
    },
    {
      "buffer": 0,
      "byteOffset": 159936,
      "byteLength": 1600
    },
    {
      "buffer": 0,
      "byteOffset": 161536,
      "byteLength": 832
    },
    {
      "buffer": 0,
      "byteOffset": 162368,
      "byteLength": 2496
    },
    {
      "buffer": 0,
      "byteOffset": 164864,
      "byteLength": 832
    },
    {
      "buffer": 0,
      "byteOffset": 165696,
      "byteLength": 3328
    },
    {
      "buffer": 0,
      "byteOffset": 169024,
      "byteLength": 4
    },
    {
      "buffer": 0,
      "byteOffset": 169028,
      "byteLength": 16
    },
    {
      "buffer": 0,
      "byteOffset": 169044,
      "byteLength": 832
    },
    {
